
Sweater
Shirt
Jeans
Gloves
Cap
Suit
Hawaiian shirt
Singlet
Business shoes
Flip flops
Shorts
Cardigan
Jacket
Sport shoes
Bow tie
Sleeveless shirt
Vest
Long-sleeve top
Polo shirt
Jumper
Trench coat
Bathrobe
Cargo pants
Swimsuit
Blazer
T-shirt
Belt
Underpants
Waistcoat
Socks
Tie
Pullover
Umbrella
Scarf
Sunglasses
Glasses
Boots
Wallet
Handbag
Watch


100006
100012
100018
100024
100030
100036
100042
100048
100054
100060
100066
100072
100078
100084
100090
100096
100102
100108
100114
100120
100126
100132
100138
100144
100150
100156
100162
100168
100174
100180
100186
100192
100198
100204
100210
100216
100222
100228
100234
100240
100246
100252
100258
100264
100270
100276
100282
100288
100294
100300
100306
100312
100318
100324
100330
100336
100342
100348
100354
100360
100366
100372
100378
100384
100390
100396
100402
100408
100414
100420
100426
100432
100438
100444
100450
100456
100462
100468
100474
100480
100486
100492
100498
100504
100510
100516
100522
100528
100534
100540
100546
100552
100558
100564
100570
100576
100582
100588
100594
100600
100606
100612
100618
100624
100630
100636
100642
100648
100654
100660
100666
100672
100678
100684
100690
100696
100702
100708
100714
100720
100726
100732
100738
100744
100750
100756
100762
100768
100774
100780
100786
100792
100798
100804
100810
100816
100822
100828
100834
100840
100846
100852
100858
100864
100870
100876
100882
100888
100894
100900
100906
100912
100918
100924
100930
100936
100942
100948
100954
100960
100966
100972
100978
100984
100990
100996
101002
101008
101014
101020
101026
101032
101038
101044
101050
101056
101062
101068
101074
101080
101086
101092
101098
101104
101110
101116
101122
101128
101134
101140
101146
101152
101158
101164
101170
101176
101182
101188
101194
101200
101206
101212
101218
101224
101230
101236
101242
101248
101254
101260
101266
101272
101278
101284
101290
101296
101302
101308
101314
101320
101326
101332
101338
101344
101350
101356
101362
101368
101374
101380
101386
101392
101398
101404
101410
101416
101422
101428
101434
101440
101446
101452